Test 1 4223 -263181661 4134.5
Test 2 147 -10522055 147.0
Test 3 135 -4434563 135.0
Test 4 15 70054 15.0
Test 5 19 856550 19.0
Test 6 18 1573642 18.0
Test 7 118 14477562 115.0
Test 8 121 19302965 98.5
Test 9 24 4219456 22.5
Test 10 37 7895971 36.5
Test 11 25 6491339 20.0
Test 12 32 9388725 27.5
Test 13 29 9264440 17.0
Test 14 29 10088172 15.0
Test 15 15 5674594 15.0
Test 16 19 8012464 17.0
Test 17 16 7288790 15.0
Test 18 16 7937698 15.0
Test 19 15 8015854 15.0
Test 20 20 11450064 15.0
Test 21 17 10393551 16.0
Test 22 15 9726844 15.0
Test 23 17 11723846 15.0
Test 24 15 10897564 15.0
Test 25 15 11497924 15.0
Test 26 15 12098284 15.0
Test 27 17 14395990 15.0
Test 28 15 13269004 15.0
Test 29 15 13869364 15.0
Test 30 16 15449731 15.0
Test 31 15 15055084 15.0
Test 32 15 15655444 15.0
Test 33 15 16255804 15.0
Test 34 17 19136753 16.0
Test 35 15 17441434 15.0
Test 36 15 18041794 15.0
Test 37 15 18642154 15.0
Test 38 15 19242514 15.0
Test 39 15 19842874 15.0
Test 40 15 20443234 15.0
Test 41 17 23882749 16.5
Test 42 15 21635854 15.0
Test 43 15 22236214 15.0
Test 44 16 24376127 16.0
Test 45 159 245718133 87.0
Test 46 15 22956994 15.0
Test 47 15 23557354 15.0
Test 48 15 24157714 15.0
Test 49 15 24758074 15.0
Test 50 15 25358434 15.0
Test 51 16 27698730 15.5
Test 52 15 26551654 15.0
Test 53 15 27152014 15.0
Test 54 15 27752374 15.0
Test 55 16 30255757 15.5
Test 56 15 28945594 15.0
Test 57 15 29545954 15.0
Test 58 15 30146314 15.0
Test 59 17 34880945 17.0
Test 60 15 31347034 15.0
Test 61 15 31947394 15.0
Test 62 16 34734811 16.0
